case name  = w05m0-t50s10-Z0.30-n20N40-par
m-file     = PBGalerkin3DL_Ztrace.m
m          = 0
omega      = +5
tau        = +0.5
sigma1     = +0.1
RZ         = +0.3
n          = 20
N          = 40
profiel    = par
soundspeed = const
IZ         = +60
dZ         = +0.05
Zsign      = -1
Nsg        = 10
Rs         = +10
Nmu        = 16
EigInitVal = 0
xmin       = -20
xmax       = +20
ymin       = -25
ymax       = +25
time       = 1.970358625 + 280.373957875 seconds
